1
2
4
6
7
8
10
11
13
14
15
16
19
21
22
25
28
29
30
32
34
35
36
37
38
39
40
41
42
43
51
53
55
56
59
60
61
63
64
65
69
74
76
77
83
85
86
90
92
93
100
102
106
111
113
115
123
124
129
131
138
140
146
149
151
156
162
169
170
173
175
182
185
186
189
191
192
194
195
197
202
212
215
216
218
220
223
224
227
229
230
231
233
235
240
247
249
254
255
259
262
263
265
267
269
283
287
288
290
291
296
300
303
307
308
314
315
317
319
322
323
324
325
327
336
337
341
342
349
350
352
356
358
359
362
363
364
368
369
370
372
373
375
380
382
395
397
398
405
410
411
414
415
417
426
427
428
434
435
436
438
449
452
453
454
458
466
467
468
471
489
490
491
492
504
508
509
515
516
525
526
530
535
544
547
548
552
558
559
577
586
587
599
600
606
614
617
621
622
632
641
642
644
648
650
652
653
655
656
658
661
671
676
677
682
683
693
700
701
709
710
711
714
716
720
721
727
728
733
734
735
741
742
744
745
756
762
764
770
771
793
794
798
800
806
809
814
815
816
823
827
856
860
867
871
873
884
887
890
898
902
909
910
930
939
942
944
949
950
951
952
958
959
967
968
973
978
982
989
994
1000
1010
1011
1012
1028
1029
1035
1038
1049
1050
1056
1062
1063
1065
1066
1067
1068
1069
1070
1071
1076
1077
1080
1083
1090
1094
1097
1098
1103
1111
1113
1116
1120
1125
1132
1137
1144
1146
1147
1148
1156
1161
1162
1163
1176
1191
1200
1202
1207
1219
1225
1241
1242
1248
1250
1258
1281
1283
1300
1301
1305
1311
1314
1325
1328
1329
1350
1358
1362
1364
1368
1370
1372
1379
1388
1390
1391
1398
1399
1406
1417
1424
1426
1433
1437
1449
1456
1461
1474
1478
1479
1499
1504
1506
1512
1513
1515
1523
1532
1536
1539
1547
1559
1563
1568
1570
1574
1576
1581
1584
1591
1593
1608
1613
1614
1615
1621
1623
1629
1631
1634
1636
1647
1653
1657
1658
1678
1684
1685
1696
1701
1704
1706
1707
1713
1720
1727
1732
1733
1738
1739
1740
1743
1745
1746
1754
1755
1756
1758
1761
1766
1768
1775
1778
1779
1786
1788
1790
1792
1796
1800
1810
1814
1819
1824
1834
1835
1837
1842
1845
1854
1858
1861
1867
1868
1874
1876
1877
1881
1882
1890
1895
1902
1907
1908
1910
1911
1917
1919
1927
1933
1934
1936
1947
1957
1960
1962
1964
1965
1969
1970
1993
1994
2000
2012
2014
2015
2023
2027
2031
2045
2046
2048
2049
2056
2060
2064
2070
2071
2079
2095
2096
2102
2107
2120
2130
2131
2136
2139
2140
2146
2160
2161
2162
2163
2169
2173
2179
2180
2181
2192
2201
2207
2216
2219
